103.102234	35.368477	91.414246	69.439995	
189.149414	102.278000	144.927109	159.148895	
248.829849	193.487900	158.405243	252.654510	
275.685181	299.127808	136.044662	334.626648	
266.809235	407.765808	87.304779	393.099945	
223.162552	507.645569	25.122904	421.103760	
149.468353	587.958496	-36.315052	417.485840	
53.701550	640.013489	-83.916557	386.834076	
-53.774380	658.177307	-107.796730	338.525513	
-161.328842	640.484375	-102.860237	285.056244	
-257.322723	588.849365	-69.624435	239.902206	
-331.367981	508.859985	-14.165231	215.228989	
-375.451721	409.172363	52.808826	219.787537	
-384.803406	300.574280	117.624397	257.308868	
-358.411011	194.817764	165.818954	325.643555	
-299.130646	103.347351	184.511414	416.787292	
-213.377365	36.061588	164.625870	517.813110	
-110.431030	0.241863	102.636940	612.601868	
-1.432076	-0.235561	1.565577	684.147644	
101.824089	34.680981	-128.948715	717.128723	
188.163513	101.212967	-273.550629	700.385376	
248.242889	192.160583	-412.964020	628.949402	
275.560699	297.681854	-526.470459	505.315155	
267.160706	406.357697	-594.760742	339.736298	
223.951874	506.427643	-602.784729	149.454178	
150.610138	587.062561	-542.209106	-43.093220	
55.072243	639.536438	-413.126862	-212.901657	
-52.323101	658.170837	-224.746613	-335.555756	
-159.954010	640.949158	5.088880	-390.525238	
-256.173126	589.735107	251.558273	-364.171906	
-330.568024	510.070801	485.542297	-252.057678	
-375.087982	410.577209	677.039795	-60.213676	
-384.915222	302.021118	798.920837	194.852097	
-358.986298	196.150009	830.555725	487.481018	
-300.107147	104.420822	760.852844	785.430176	
-214.649399	36.760101	590.288818	1053.423950	
-111.860947	0.489811	331.621216	1257.299316	
-2.865129	-0.465028	9.125367	1368.261963	
100.542976	33.998913	-343.630829	1366.730225	
187.172974	100.152092	-687.275269	1245.274048	
247.650131	190.835678	-981.021912	1010.240723	
275.429871	296.236267	-1187.473999	681.803955	
267.505951	404.947876	-1277.277954	292.349670	
224.735901	505.206146	-1233.058716	-116.687195	
151.748093	586.161560	-1052.128174	-499.229431	
56.440979	639.053467	-747.585754	-809.740234	
-50.871704	658.158142	-347.600983	-1008.598999	
-158.577026	641.408081	107.116066	-1067.040039	
-255.019516	590.615906	567.443604	-971.049255	
-329.762573	511.278198	981.148254	-723.714355	
-374.717834	411.980530	1298.808716	-345.679047	
-385.020416	303.468506	1479.660767	126.427933	
-359.555420	197.484863	1496.701782	643.493225	
-301.078552	105.498688	1340.417114	1149.019897	
-215.917953	37.464348	1020.639465	1585.300049	
-113.289337	0.744237	566.251282	1899.984619	
-4.298747	-0.687946	22.678459	2052.304199	
99.259308	33.322781	-552.620239	2018.207520	
186.178207	99.095924	-1096.223267	1793.783447	
247.051941	189.513779	-1545.735840	1396.506348	
275.292999	294.791718	-1846.927856	864.082825	
267.845276	403.536987	-1960.207275	250.942505	
225.514709	503.981628	-1865.661865	-377.306610	
152.882156	585.255920	-1566.041626	-950.897949	
57.807598	638.564697	-1087.272095	-1403.648560	
-49.420387	658.139160	-476.350647	-1680.566162	
-157.198029	641.860962	203.217728	-1744.449341	
-253.862091	591.491699	878.010803	-1580.696045	
-328.951965	512.482178	1472.621948	-1199.715698	
-374.341766	413.382416	1918.077881	-636.594482	
-385.119598	304.916565	2159.803955	52.037598	
-360.119110	198.822388	2164.218750	793.668274	
-302.045746	106.580940	1923.171387	1507.532715	
-217.183990	38.174206	1455.654419	2113.408691	
-114.717209	1.004882	806.515503	2540.619141	
-5.733938	-0.904723	42.226204	2736.234131	
97.972107	32.652042	-755.902710	2671.523193	
185.178284	98.043800	-1500.369385	2345.883057	
246.447510	188.194138	-2107.072021	1787.725952	
275.149475	293.347351	-2504.793701	1052.143433	
268.178192	402.124207	-2643.510010	215.519806	
226.288040	502.753296	-2500.559326	-632.386169	
154.012207	584.344971	-2083.922607	-1398.070190	
59.172081	638.069763	-1432.169922	-1994.590454	
-47.969131	658.113770	-610.992249	-2351.417725	
-155.817047	642.307861	293.384094	-2422.714355	
-252.700821	592.362549	1183.242798	-2193.076904	
-328.136078	513.682678	1959.935669	-1680.033936	
-373.959564	414.782684	2534.812500	-932.942810	
-385.212402	306.365082	2839.312012	-28.314003	
-360.676910	200.162399	2833.068359	937.998352	
-303.008179	107.667442	2509.082275	1860.948975	
-218.446884	38.889626	1895.308594	2637.720215	
-116.143906	1.271801	1052.399780	3179.166748	
-7.170045	-1.115188	67.767151	3420.012939	
96.681999	31.986969	-953.467041	3326.640137	
184.173660	96.996262	-1899.696167	2901.537598	
245.837036	186.877457	-2665.002930	2183.871582	
274.999146	291.903992	-3161.036133	1245.968384	
268.504211	400.710327	-3327.146973	186.076401	
227.055069	501.521881	-3137.712646	-881.918030	
155.137192	583.429260	-2605.736816	-1840.726318	
60.533215	637.568787	-1782.253418	-2582.536377	
-46.519203	658.081726	-751.511108	-3021.116943	
-154.435303	642.748230	377.617188	-3101.795898	
-251.536835	593.227600	1483.127075	-2808.154297	
-327.315887	514.878784	2443.065430	-2164.637451	
-373.571960	416.180389	3148.979248	-1234.701538	
-385.299438	307.813110	3518.145752	-114.616165	
-361.229187	201.504013	3503.210449	1076.481201	
-303.966003	108.757431	3098.112305	2209.253662	
-219.706680	39.610016	2339.571045	3158.208496	
-117.569397	1.544607	1303.883179	3815.592773	
-8.607033	-1.319513	99.292473	4103.601562	
95.388954	31.327599	-1145.308960	3983.518066	
183.164551	95.953011	-2294.170410	3460.721924	
245.221054	185.563217	-3219.488281	2584.929688	
274.842957	290.460999	-3815.612793	1445.557983	
268.824707	399.294739	-4011.077881	162.626282	
227.817581	500.286896	-3777.088135	-1125.876099	
156.259186	582.508545	-3131.460938	-2278.831055	
61.893276	637.061951	-2137.511719	-3167.445068	
-45.068260	658.043640	-897.909912	-3689.622314	
-153.050491	643.182983	455.900940	-3781.655029	
-250.368027	594.088196	1777.635986	-3425.897461	
-326.489563	516.072083	2921.975342	-2653.506348	
-373.177551	417.577240	3760.537842	-1541.864136	
-385.379608	309.262390	4196.265625	-206.876251	
-361.775269	202.848877	4174.609863	1209.096436	
-304.918915	109.852348	3690.235107	2552.415527	
-220.963287	40.336494	2788.427246	3674.834961	
-118.993729	1.824037	1560.964844	4449.855957	
-10.044956	-1.517366	136.815201	4786.959473	
94.093048	30.673876	-1331.402832	4642.123535	
182.150894	94.914162	-2683.772949	4023.400879	
244.599335	184.251678	-3770.499023	2990.874023	
274.680450	289.018677	-4468.487793	1650.896484	
269.139008	397.877716	-4695.264160	145.166077	
228.574661	499.048523	-4418.647949	-1364.250854	
157.377121	581.582825	-3661.062500	-2712.362793	
63.251091	636.549072	-2497.920898	-3749.285889	
-43.617508	657.999084	-1050.176392	-4356.895996	
-151.663803	643.611633	528.234863	-4462.252930	
-249.195465	594.943604	2066.756348	-4046.269531	
-325.658020	517.261719	3396.640869	-3146.609863	
-372.777008	418.972351	4369.455078	-1854.409058	
-385.453430	310.711975	4873.632324	-305.084412	
-362.315460	204.196091	4847.226562	1335.840942	
-305.867035	110.951393	4285.413574	2890.418945	
-222.216736	41.068439	3241.847412	4187.573242	
-120.416862	2.109673	1823.624756	5081.921387	
-11.483772	-1.708951	180.327362	5470.048340	
92.794250	30.025805	-1511.743774	5302.416992	
181.132660	93.879738	-3068.481445	4589.542480	
243.971848	182.942841	-4318.003418	3401.681396	
274.511627	287.577057	-5119.623047	1861.972534	
269.447083	396.459320	-5379.666016	133.697540	
229.326309	497.806854	-5062.355469	-1597.027954	
158.490997	580.652222	-4194.511230	-3141.296143	
64.606651	636.030273	-2863.460938	-4328.024902	
-42.166958	657.948242	-1208.302490	-5022.900391	
-150.275238	644.034180	594.614197	-5143.550781	
-248.019150	595.793884	2350.471191	-4669.234863	
-324.821259	518.447693	3867.033936	-3643.919678	
-372.370361	420.365662	4975.695801	-2172.318848	
-385.520874	312.161865	5550.207520	-409.235687	
-362.849731	205.545639	5521.021973	1456.706909	
-306.810303	112.054558	4883.613770	3223.243896	
-223.466934	41.805843	3699.805908	4696.393066	
-121.838699	2.401515	2091.848633	5711.752441	
-12.923382	-1.894255	229.827316	6152.828125	
91.492653	29.383406	-1686.320435	5964.360352	
180.109940	92.849754	-3448.272461	5159.115234	
243.338669	181.636734	-4861.969238	3817.329102	
274.336517	286.136169	-5768.981445	2078.775146	
269.748993	395.039581	-6064.244141	128.222198	
230.072556	496.561890	-5708.173340	-1824.193115	
159.600830	579.716797	-4731.776855	-3565.605713	
65.959969	635.505554	-3234.111572	-4903.627930	
-40.716606	657.890991	-1372.279907	-5687.596191	
-148.884796	644.450623	655.034180	-5825.508789	
-246.839096	596.638916	2628.762939	-5294.757812	
-323.979279	519.629883	4333.126953	-4145.408203	
-371.957581	421.757080	5579.224121	-2495.576172	
-385.581970	313.611908	6225.952148	-519.325134	
-363.378082	206.897400	6195.957520	1571.686157	
-307.748718	113.161736	5484.802246	3550.870361	
-224.713867	42.548607	4162.276855	5201.265137	
-123.259216	2.699472	2365.621582	6339.312500	
-14.363762	-2.073361	285.313141	6835.260254	
90.188278	28.746603	-1855.122070	6627.916504	
179.082718	91.824158	-3823.123535	5732.085938	
242.699783	180.333313	-5402.364258	4237.793945	
274.154694	284.696075	-6416.533691	2301.266846	
270.043427	393.618500	-6748.959473	128.687698	
230.810928	495.313202	-6356.040527	-2045.808716	
160.702866	578.774902	-5272.764648	-3985.351807	
67.306213	634.971558	-3609.741455	-5476.137695	
-39.271801	657.821655	-1541.945557	-6350.987793	
-147.497482	644.852356	709.676758	-6508.076660	
-245.658829	597.467224	2901.811768	-5922.721680	
-323.132996	520.794189	4795.072266	-4650.888184	
-371.535828	423.130646	6180.135254	-2823.931152	
-385.629272	315.045624	6900.877930	-635.058716	
-363.888184	208.235870	6871.943848	1681.088013	
-308.665314	114.260162	6088.779785	3873.585938	
-225.936798	43.288395	4628.956543	5702.414062	
-124.655373	3.001014	2644.556152	6964.726562	
-15.781549	-2.242146	346.347382	7517.337402	
88.902527	28.126320	-2018.589600	7292.927734	
178.068130	90.819984	-4193.426758	6308.145508	
242.065903	179.054245	-5939.478516	4662.630371	
273.970123	283.280548	-7062.392578	2528.979004	
270.328156	392.219696	-7433.766602	134.661942	
231.534134	494.082458	-7005.787109	-2262.222412	
161.786270	577.845459	-5817.230957	-4400.769531	
68.632584	634.443970	-3990.083008	-6045.667969	
-37.846001	657.752991	-1717.054443	-7013.083984	
-146.126556	645.250061	758.728882	-7191.185547	
-244.491135	598.288269	3169.728516	-6553.018555	
-322.294891	521.949707	5252.903320	-5160.254395	
-371.118011	424.495605	6778.406250	-3157.315430	
-385.676971	316.472290	7574.934570	-756.427673	
-364.396210	209.569855	7548.941406	1784.855347	
-309.578705	115.357117	6695.552246	4191.279785	
-227.156708	44.029610	5099.928223	6199.705566	
-126.049782	3.306279	2928.824219	7587.875488	
-17.199556	-2.405865	413.186493	8199.000977	
87.614380	27.511335	-2176.407471	7959.437988	
177.049240	89.820290	-4558.850586	6887.471191	
241.426529	177.778030	-6473.020996	5092.160156	
273.779449	281.865906	-7706.395996	2762.288818	
270.606812	390.819733	-8118.633301	146.533356	
232.251968	492.848694	-7657.503418	-2473.077393	
162.865616	576.911377	-6365.363281	-4811.568359	
69.956619	633.910645	-4375.391113	-6612.018555	
-36.420563	657.678162	-1897.893066	-7673.782715	
-144.753967	645.641846	801.907959	-7874.831055	
-243.319946	599.104248	3432.263916	-7185.728516	
-321.451843	523.101562	5706.427246	-5673.648438	
-370.694366	425.858704	7373.909180	-3495.907227	
-385.718567	317.899109	8248.062500	-883.620544	
-364.898529	210.905991	8226.948242	1882.812256	
-310.487396	116.457970	7305.165527	4503.805664	
-228.373444	44.776047	5575.262695	6693.028809	
-127.442894	3.617522	3218.506592	8208.686523	
-18.618288	-2.563500	485.905579	8880.208984	
86.323563	26.901882	-2328.515869	8627.425781	
176.026016	88.824974	-4919.353027	7470.045898	
240.781631	176.504562	-7002.961426	5526.359375	
273.582672	280.452118	-8348.506836	3001.184570	
270.879456	389.418579	-8803.522461	164.302414	
232.964523	491.611816	-8311.154297	-2678.360596	
163.940964	575.972656	-6917.132324	-5217.723633	
71.278381	633.371643	-4765.645020	-7175.156738	
-34.995422	657.597229	-2084.452393	-8333.046875	
-143.379684	646.027710	839.210449	-8558.975586	
-242.145233	599.915161	3689.402100	-7820.816406	
-320.603821	524.249756	6155.616699	-6191.042969	
-370.264801	427.219940	7966.609863	-3839.688721	
-385.753937	319.326080	8920.222656	-1016.631531	
-365.395050	212.244263	8905.928711	1974.952148	
-311.391296	117.562714	7917.585449	4811.144043	
-229.586914	45.527706	6054.935547	7182.356445	
-128.834610	3.934751	3513.588623	8827.124023	
-20.037642	-2.715034	564.502014	9560.924805	
85.030167	26.297981	-2474.904541	9296.852539	
174.998566	87.834053	-5274.912109	8055.838379	
240.131317	175.233856	-7529.270020	5965.206055	
273.379852	279.039124	-8988.689453	3245.654053	
271.146088	388.016235	-9488.395508	187.969467	
233.671753	490.371857	-8966.702148	-2878.059570	
165.012253	575.029236	-7472.508301	-5619.212402	
72.597809	632.826904	-5160.824707	-7735.050293	
-33.570644	657.510071	-2276.723145	-8990.840820	
-142.003738	646.407593	870.632812	-9243.582031	
-240.967026	600.720947	3941.127930	-8458.248047	
-319.750854	525.394287	6600.446777	-6712.410156	
-369.829376	428.579315	8556.475586	-4188.642090	
-385.783203	320.753174	9591.378906	-1155.454590	
-365.885803	213.584641	9585.843750	2061.268311	
-312.290466	118.671318	8532.779297	5113.276855	
-230.797165	46.284565	6538.919922	7667.659668	
-130.224991	4.257951	3814.055176	9443.154297	
-21.457680	-2.860473	648.972778	10241.108398	
83.734146	25.699636	-2615.564453	9967.683594	
173.966797	86.847549	-5625.507324	8644.816406	
239.475464	173.965942	-8051.916016	6408.676270	
273.170898	277.627014	-9626.907227	3495.685303	
271.406647	386.612732	-10173.213867	217.534668	
234.373611	489.128845	-9624.112305	-3072.161621	
166.079453	574.081238	-8031.460938	-6016.010742	
73.914864	632.276489	-5560.909180	-8291.666992	
-32.146267	657.416809	-2474.696533	-9647.125000	
-140.626175	646.781555	896.171875	-9928.610352	
-239.785355	601.521667	4187.425293	-9097.988281	
-318.892975	526.535095	7040.891602	-7237.721191	
-369.388123	429.936737	9143.471680	-4542.749512	
-385.806305	322.180328	10261.493164	-1300.083374	
-366.370789	214.927078	10266.656250	2141.754395	
-313.184814	119.783745	9150.712891	5410.186035	
-232.004120	47.046585	7027.191406	8148.910156	
-131.613922	4.587092	4119.890625	10056.741211	
-22.878286	-2.999839	739.314758	10920.723633	
82.435600	25.106834	-2750.485840	10639.879883	
172.930847	85.865456	-5971.117188	9236.947266	
238.814209	172.700836	-8570.869141	6856.746094	
272.955902	276.215790	-10263.124023	3751.265381	
271.661163	385.208099	-10857.940430	252.997910	
235.070114	487.882812	-10283.348633	-3260.654541	
167.142578	573.128601	-8593.959961	-6408.095703	
75.229553	631.720398	-5965.876953	-8844.976562	
-30.722288	657.317444	-2678.362793	-10301.865234	
-139.247009	647.149658	915.824646	-10614.024414	
-238.600250	602.317383	4428.280273	-9740.001953	
-318.030182	527.672302	7476.924316	-7766.949219	
-368.941010	431.292389	9727.565430	-4901.992676	
-385.823273	323.607727	10930.527344	-1450.511475	
-366.849976	216.271744	10948.328125	2216.404785	
-314.074402	120.900169	9771.353516	5701.854004	
-233.207809	47.813957	7519.722656	8626.081055	
-133.001465	4.922374	4431.079590	10667.851562	
-24.299522	-3.132924	835.524475	11599.732422	
81.134476	24.519794	-2879.659912	11313.406250	
171.890640	84.888000	-6311.721680	9832.200195	
238.147476	171.438736	-9086.100586	7309.393066	
272.734802	274.805634	-10897.304688	4012.382324	
271.909607	383.802521	-11542.536133	294.359070	
235.761230	486.633911	-10944.374023	-3443.526123	
168.201569	572.171570	-9159.975586	-6795.443359	
76.541809	631.158752	-6375.708008	-9394.945312	
-29.298777	657.211975	-2887.712158	-10955.022461	
-137.866302	647.511780	929.588257	-11299.785156	
-237.411758	603.107910	4663.676270	-10384.253906	
-317.162506	528.805725	7908.520508	-8300.064453	
-368.488068	432.646027	10308.723633	-5266.352539	
-385.834076	325.035065	11598.444336	-1606.732300	
-367.323364	217.618332	11630.823242	2285.213135	
-314.959137	122.020279	10394.666016	5988.262695	
-234.408157	48.586369	8016.488281	9099.143555	
-134.387512	5.263491	4747.606445	11276.448242	
-25.721281	-3.260024	937.598389	12278.094727	
79.830864	23.938223	-3003.077637	11988.223633	
170.846252	83.914886	-6647.300293	10430.542969	
237.475342	170.179382	-9597.580078	7766.592773	
272.507660	273.396332	-11529.413086	4279.022949	
272.152039	382.395752	-12226.963867	341.617340	
236.446991	485.381927	-11607.153320	-3620.764893	
169.256454	571.209839	-9729.476562	-7178.031738	
77.851662	630.591370	-6790.380371	-9941.541992	
-27.875704	657.100342	-3102.735107	-11606.561523	
-136.484009	647.867981	937.460205	-11985.854492	
-236.219833	603.893372	4893.600098	-11030.709961	
-316.289948	529.935425	8335.654297	-8837.040039	
-368.029297	433.997742	10886.913086	-5635.810547	
-385.838745	326.462524	12265.207031	-1768.738892	
-367.790955	218.967041	12314.102539	2348.174072	
-315.839050	123.144295	11020.618164	6269.394531	
-235.605179	49.364048	8517.461914	9568.071289	
-135.772110	5.610680	5069.455078	11882.499023	
-27.143608	-3.380894	1045.532593	12955.775391	
78.524727	23.362379	-3120.730225	12664.296875	
169.797653	82.946388	-6977.832520	11031.942383	
236.797760	168.923050	-10105.278320	8228.321289	
272.274414	271.988129	-12159.413086	4551.174316	
272.388367	380.988068	-12911.183594	394.772247	
237.127319	484.127106	-12271.649414	-3792.358887	
170.307144	570.243713	-10302.433594	-7555.837402	
79.159019	630.018433	-7209.872559	-10484.736328	
-26.453163	656.982605	-3323.420898	-12256.445312	
-135.100235	648.218201	939.438049	-12672.195312	
-235.024582	604.673706	5118.036133	-11679.333984	
-315.412567	531.061401	8758.300781	-9377.846680	
-367.564728	435.347504	11462.100586	-6010.348145	
-385.837250	327.890015	12930.777344	-1936.524170	
-368.252716	220.317780	12998.128906	2405.281982	
-316.714111	124.272110	11649.174805	6545.231934	
-236.798828	50.146900	9022.617188	10032.834961	
-137.155167	5.963854	5396.609863	12485.967773	
-28.566408	-3.495612	1159.323242	13632.734375	
77.216156	22.792189	-3232.609375	13341.587891	
168.744919	81.982437	-7303.298828	11636.367188	
236.114792	167.669662	-10609.164062	8694.553711	
272.035126	270.580933	-12787.269531	4828.822754	
272.618652	379.579376	-13595.160156	453.822693	
237.802261	482.869354	-12937.827148	-3958.296387	
171.353699	569.273010	-10878.815430	-7928.838379	
80.463936	629.439880	-7634.163086	-11024.496094	
-25.030895	656.859619	-3549.862793	-12904.607422	
-133.714844	648.565002	935.306030	-13358.781250	
-233.826843	605.453674	5336.672363	-12330.210938	
-314.533447	532.190857	9176.110352	-9922.735352	
-367.101105	436.704529	12033.981445	-6390.408203	
-385.841309	329.327606	13594.990234	-2110.709717	
-368.726105	221.679703	13682.959961	2455.789795	
-317.607605	125.409775	12280.682617	6814.992188	
-238.017502	50.935509	9532.610352	10492.733398	
-138.568512	6.316016	5730.016602	13086.358398	
-30.022346	-3.620276	1280.133423	14308.799805	
75.874855	22.201872	-3337.453369	14020.335938	
167.663589	80.988159	-7622.490723	12244.512695	
235.411102	166.377121	-11108.254883	9166.429688	
271.786194	269.128540	-13412.383789	5113.470703	
272.852600	378.123322	-14278.812500	520.497375	
238.494919	481.566772	-13606.208984	-4116.808594	
172.431122	568.264954	-11459.761719	-8295.437500	
81.810181	628.835938	-8064.944336	-11559.616211	
-23.561504	656.725159	-3783.856445	-13550.511719	
-132.281311	648.914612	923.394714	-14045.675781	
-232.584290	606.249512	5548.140137	-12983.868164	
-313.616333	533.346802	9588.114258	-10472.515625	
-366.608673	438.095490	12602.006836	-6776.895996	
-385.826843	330.803070	14257.660156	-2292.132324	
-369.191193	223.080017	14368.667969	2499.046875	
-318.501892	126.583412	12915.328125	7078.264160	
-239.244217	51.755470	10047.609375	10947.579102	
-139.994904	6.693575	6069.708984	13683.633789	
-31.494061	-3.725974	1407.803467	14983.965820	
74.517075	21.624357	-3435.611572	14700.434570	
166.566681	80.001328	-7935.879883	12856.049805	
234.693756	165.087769	-11603.017578	9643.316406	
271.526031	267.676178	-14035.061523	5404.166016	
273.077789	376.665131	-14962.121094	593.579224	
239.181091	480.260559	-14276.309570	-4269.247070	
173.504013	567.252075	-12044.239258	-8656.933594	
83.153694	628.226013	-8500.633789	-12091.113281	
-22.092756	656.584167	-4023.668457	-14194.582031	
-130.846268	649.257812	905.384583	-14732.721680	
-231.338242	607.039795	5753.887695	-13639.646484	
-312.694122	534.498596	9995.396484	-11026.159180	
-366.110107	439.484222	13166.818359	-7168.569824	
-385.805847	332.278442	14918.972656	-2479.502686	
-369.650024	224.482391	15055.020508	2536.237061	
-319.390930	127.761024	13552.551758	7336.005859	
-240.467255	52.580891	10566.838867	11398.029297	
-141.419586	7.077486	6414.830078	14278.124023	
-32.966217	-3.825114	1541.511597	15658.258789	
73.156754	21.052900	-3527.774902	15381.666016	
165.465393	79.019394	-8243.964844	13470.602539	
233.970688	163.801620	-12093.742188	10124.775391	
271.259430	266.225006	-14655.403320	5700.497070	
273.296478	375.205963	-15645.047852	672.750305	
239.861420	478.951324	-14948.024414	-4415.801758	
174.572357	566.234436	-12632.152344	-9013.386719	
84.494446	627.610107	-8941.208984	-12618.954102	
-20.624681	656.436646	-4269.287109	-14836.778320	
-129.409729	649.594666	881.274048	-15419.878906	
-230.088699	607.824524	5953.900879	-14297.508789	
-311.766785	535.646362	10397.929688	-11583.632812	
-365.605316	440.870789	13728.380859	-7565.407715	
-385.778259	333.753784	15578.886719	-2672.812012	
-370.102631	225.886856	15741.976562	2567.355713	
-320.274719	128.942642	14192.315430	7588.200195	
-241.686600	53.411808	11090.271484	11844.057617	
-142.842545	7.467795	6765.360840	14869.792969	
-34.438801	-3.917638	1681.252686	16331.637695	
71.793900	20.487564	-3613.935059	16063.990234	
164.359756	78.042435	-8546.726562	14088.135742	
233.241898	162.518768	-12580.396484	10610.781250	
270.986359	264.775085	-15273.369141	6002.449219	
273.508698	373.745911	-16327.551758	758.008667	
240.535950	477.639130	-15621.313477	-4556.460938	
175.636215	565.212097	-13223.466797	-9364.774414	
85.832504	626.988281	-9386.643555	-13143.106445	
-19.157217	656.282654	-4520.699707	-15477.061523	
-127.971657	649.925171	851.062012	-16107.106445	
-228.835632	608.603760	6148.165527	-14957.416992	
-310.834320	536.789978	10795.688477	-12144.907227	
-365.094360	442.255066	14286.660156	-7967.388672	
-385.744110	335.228943	16237.362305	-2872.051758	
-370.548950	227.293274	16429.496094	2592.398193	
-321.153229	130.128143	14834.583008	7834.830078	
-242.902222	54.248104	11617.877930	12285.632812	
-144.263733	7.864395	7121.284180	15458.604492	
-35.911762	-4.003646	1827.020996	17004.062500	
70.428558	19.928261	-3694.084229	16747.367188	
163.249786	77.070366	-8844.143555	14708.615234	
232.507416	161.239120	-13062.951172	11101.307617	
270.706848	263.326355	-15888.922852	6310.006348	
273.714417	372.284851	-17009.591797	849.351807	
241.204636	476.323853	-16296.136719	-4691.213867	
176.695496	564.184937	-13818.149414	-9711.072266	
87.167763	626.360352	-9836.916016	-13663.538086	
-17.690470	656.121948	-4777.895020	-16115.393555	
-126.532143	650.249023	814.747192	-16794.363281	
-227.579132	609.377197	6336.666504	-15619.333008	
-309.896790	537.929321	11188.646484	-12709.950195	
-364.577271	443.636963	14841.620117	-8374.491211	
-385.703400	336.703857	16894.361328	-3077.212891	
-370.989044	228.701599	17117.539062	2611.360107	
-322.026489	131.317474	15479.316406	8075.877441	
-244.114151	55.089737	12149.627930	12722.727539	
-145.683182	8.267251	7482.580566	16044.522461	
-37.385132	-4.083163	1978.810913	17675.494141	
69.060699	19.374973	-3768.215088	17431.755859	
162.135452	76.103180	-9136.195312	15332.003906	
231.767197	159.962708	-13541.375000	11596.326172	
270.420837	261.878815	-16502.027344	6623.153320	
273.913544	370.822845	-17691.126953	946.777344	
241.867371	475.005585	-16972.457031	-4820.049316	
177.750122	563.153076	-14416.166016	-10052.257812	
88.500145	625.726562	-10292.000000	-14180.214844	
-16.224520	655.954773	-5040.860352	-16751.736328	
-125.091263	650.566589	772.328857	-17481.609375	
-226.319244	610.145142	6519.390625	-16283.218750	
-308.954254	539.064514	11576.778320	-13278.729492	
-364.054077	445.016602	15393.227539	-8786.694336	
-385.656158	338.178650	17549.841797	-3288.285889	
-371.422882	230.111938	17806.064453	2624.237549	
-322.894470	132.510742	16126.481445	8311.325195	
-245.322342	55.936817	12685.493164	13155.314453	
-147.100861	8.676483	7849.231445	16627.511719	
-38.858883	-4.156059	2136.616211	18345.890625	
67.690353	18.827843	-3836.319824	18117.117188	
161.016800	75.141022	-9422.862305	15958.268555	
231.021286	158.689636	-14015.637695	12095.810547	
270.128387	260.432617	-17112.644531	6941.875000	
274.106201	369.360016	-18372.117188	1050.282593	
242.524261	473.684418	-17650.232422	-4942.957520	
178.800171	562.116516	-15017.482422	-10388.309570	
89.829720	625.086792	-10751.872070	-14693.105469	
-14.759301	655.781067	-5309.582520	-17386.048828	
-123.648956	650.877747	723.806519	-18168.804688	
-225.055939	610.907471	6696.323730	-16949.035156	
-308.006653	540.195496	11960.058594	-13851.213867	
-363.524719	446.393860	15941.447266	-9203.975586	
-385.602325	339.653137	18203.765625	-3505.261719	
-371.850403	231.524124	18495.029297	2631.026367	
-323.757080	133.707794	16776.037109	8541.157227	
-246.526718	56.789200	13225.443359	13583.365234	
-148.516647	9.091955	8221.217773	17207.533203	
-40.332886	-4.222460	2300.430908	19015.210938	
66.317642	18.286751	-3898.391602	18803.412109	
159.893921	74.183792	-9704.125977	16587.371094	
230.269760	157.419861	-14485.708984	12599.734375	
269.829529	258.987701	-17720.734375	7266.154297	
274.292358	367.896301	-19052.521484	1159.864502	
243.175293	472.360291	-18329.425781	-5059.927246	
179.845612	561.075317	-15622.066406	-10719.203125	
91.156448	624.441162	-11216.506836	-15202.176758	
-13.294854	655.600830	-5584.048828	-18018.292969	
-122.205269	651.182434	669.179871	-18855.906250	
-223.789230	611.664062	6867.452637	-17616.742188	
-307.053986	541.322205	12338.462891	-14427.371094	
-362.989197	447.768738	16486.244141	-9626.313477	
-385.541901	341.127411	18856.091797	-3728.129883	
-372.271606	232.938232	19184.398438	2631.723145	
-324.614349	134.908722	17427.951172	8765.357422	
-247.727264	57.646984	13769.448242	14006.851562	
-149.930573	9.513774	8598.521484	17784.552734	
-41.807171	-4.282251	2470.248535	19683.417969	
64.942535	17.751823	-3954.423340	19490.597656	
158.766800	73.231613	-9979.964844	17219.277344	
229.512589	156.153473	-14951.558594	13108.068359	
269.524261	257.544128	-18326.263672	7595.975586	
274.472015	366.431763	-19732.300781	1275.519897	
243.820435	471.033295	-19009.998047	-5170.948730	
180.886429	560.029419	-16229.882812	-11044.916992	
92.480309	623.789551	-11685.879883	-15707.396484	
-11.831204	655.414062	-5864.246582	-18648.433594	
-120.760208	651.480713	608.448792	-19542.875000	
-222.519135	612.415100	7032.764160	-18286.304688	
-306.096313	542.444702	12711.964844	-15007.169922	
-362.447571	449.141235	17027.587891	-10053.684570	
-385.474945	342.601379	19506.783203	-3956.881104	
-372.686554	234.354172	19874.125000	2626.324463	
-325.466278	136.113419	18082.181641	8983.907227	
-248.923996	58.510071	14317.479492	14425.746094	
-151.342606	9.941850	8981.121094	18358.535156	
-43.281712	-4.335511	2646.062012	20350.468750	
63.565052	17.222988	-4004.408691	20178.636719	
157.635437	72.284431	-10250.360352	17853.949219	
228.749771	154.890427	-15413.157227	13620.786133	
269.212524	256.101898	-18929.193359	7931.322266	
274.645111	364.966431	-20411.412109	1397.245239	
244.459625	469.703430	-19691.906250	-5276.012207	
181.922546	558.978943	-16840.898438	-11365.429688	
93.801231	623.132141	-12159.964844	-16208.733398	
-10.368423	655.220825	-6150.161621	-19276.427734	
-119.313866	651.772522	541.613403	-20229.667969	
-221.245743	613.160461	7192.244629	-18957.683594	
-305.133667	543.562927	13080.541016	-15590.576172	
-361.899841	450.511322	17565.439453	-10486.068359	
-385.401398	344.075073	20155.798828	-4191.504883	
-373.095154	235.772003	20564.173828	2614.827393	
-326.312836	137.321945	18738.693359	9196.792969	
-250.116882	59.378525	14869.504883	14840.022461	
-152.752731	10.376256	9368.999023	18929.445312	
-44.756485	-4.382158	2827.864502	21016.324219	
62.185219	16.700340	-4048.340820	20867.486328	
156.499863	71.342346	-10515.293945	18491.355469	
227.981339	153.630859	-15870.474609	14137.859375	
268.894379	254.661163	-19529.486328	8272.177734	
274.811676	363.500427	-21089.816406	1525.036987	
245.092880	468.370789	-20375.115234	-5375.107910	
182.953964	557.923889	-17455.076172	-11680.716797	
95.119194	622.468872	-12638.738281	-16706.154297	
-8.906538	655.021118	-6441.781250	-19902.238281	
-117.866257	652.057983	468.674103	-20916.248047	
-219.969055	613.900208	7345.881348	-19630.837891	
-304.166046	544.676941	13444.165039	-16177.558594	
-361.346008	451.879028	18099.767578	-10923.439453	
-385.321289	345.548492	20803.099609	-4431.990723	
-373.497437	237.191696	21254.501953	2597.228760	
-327.153961	138.534302	19397.447266	9403.997070	
-251.305847	60.252354	15425.495117	15249.652344	
-154.160873	10.817009	9762.133789	19497.244141	
-46.231419	-4.422165	3015.648682	21680.943359	
60.803104	16.183914	-4086.213867	21557.109375	
155.360138	70.405396	-10774.745117	19131.455078	
227.207336	152.374786	-16323.481445	14659.259766	
268.569885	253.221909	-20127.103516	8618.525391	
274.971771	362.033752	-21767.472656	1658.891113	
245.720261	467.035400	-21059.580078	-5468.226074	
183.980743	556.864319	-18072.384766	-11990.758789	
96.434265	621.799805	-13122.173828	-17199.628906	
-7.445480	654.814941	-6739.090820	-20525.828125	
-116.417313	652.337036	389.631714	-21602.572266	
-218.689026	614.634277	7493.662598	-20305.730469	
-303.193451	545.786621	13802.813477	-16768.085938	
-360.786072	453.244263	18630.539062	-11365.777344	
-385.234619	347.021515	21448.646484	-4678.328125	
-373.893402	238.613129	21945.066406	2573.525879	
-327.989716	139.750336	20058.408203	9605.504883	
-252.490936	61.131413	15985.419922	15654.608398	
-155.567062	11.263972	10160.506836	20061.900391	
-47.706535	-4.455660	3209.407471	22344.287109	
59.418686	15.673591	-4118.021973	22247.462891	
154.216217	69.473473	-11028.697266	19774.214844	
226.427704	151.122116	-16772.148438	15184.959961	
268.238892	251.784042	-20722.011719	8970.347656	
275.125275	360.566284	-22444.339844	1798.803223	
246.341629	465.697174	-21745.265625	-5555.357910	
185.002731	555.800110	-18692.789062	-12295.534180	
97.746277	621.124756	-13610.245117	-17689.125000	
-5.985423	654.602112	-7042.076660	-21147.158203	
-114.967209	652.609497	304.486908	-22288.599609	
-217.405792	615.362549	7635.574707	-20982.322266	
-302.215942	546.891846	14156.461914	-17362.123047	
-360.220093	454.606842	19157.720703	-11813.058594	
-385.141388	348.494019	22092.398438	-4930.505859	
-374.283020	240.036209	22635.832031	2543.716309	
-328.820007	140.969986	20721.537109	9801.300781	
-253.672073	62.015644	16549.250000	16054.864258	
-156.971207	11.717097	10564.096680	20623.376953	
-49.181747	-4.482681	3409.132812	23006.316406	
58.032047	15.169342	-4143.758789	22938.505859	
153.068222	68.546555	-11277.130859	20419.595703	
225.642578	149.872833	-17216.445312	15714.931641	
267.901611	250.347580	-21314.169922	9327.627930	
275.272308	359.098083	-23120.378906	1944.769165	
246.957092	464.356079	-22432.130859	-5636.494629	
186.020035	554.731262	-19316.253906	-12595.020508	
99.055336	620.443848	-14102.927734	-18174.611328	
-4.526260	654.382812	-7350.724609	-21766.191406	
-113.515839	652.875488	213.240967	-22974.291016	
-216.119263	616.085022	7771.606445	-21660.574219	
-301.233490	547.992676	14505.085938	-17959.638672	
-359.648010	455.966888	19681.275391	-12265.258789	
-385.041595	349.966095	22734.318359	-5188.513184	
-374.666290	241.461014	23326.751953	2507.798096	
-329.644897	142.193329	21386.796875	9991.368164	
-254.849289	62.905136	17116.951172	16450.394531	
-158.373367	12.176479	10972.883789	21181.636719	
-50.657116	-4.503124	3614.816895	23666.990234	
56.643127	14.671282	-4163.419434	23630.201172	
151.916046	67.624771	-11520.027344	21067.564453	
224.851822	148.627060	-17656.343750	16249.145508	
267.557831	248.912628	-21903.544922	9690.346680	
275.412720	357.629242	-23795.548828	2096.783936	
247.566498	463.012299	-23120.136719	-5711.626953	
187.032486	553.657959	-19942.742188	-12889.196289	
100.361267	619.757141	-14600.194336	-18656.054688	
-3.068172	654.156982	-7665.019531	-22382.888672	
-112.063385	653.135010	115.895126	-23659.603516	
-214.829620	616.801819	7901.745117	-22340.447266	
-300.246216	549.089172	14848.662109	-18560.597656	
-359.069946	457.324432	20201.173828	-12722.356445	
-384.935303	351.437775	23374.367188	-5452.338379	
-375.043274	242.887558	24017.791016	2465.769287	
-330.464355	143.420380	22054.148438	10175.693359	
-256.022552	63.799911	17688.494141	16841.169922	
-159.773483	12.642151	11386.846680	21736.648438	
-52.132572	-4.516947	3826.451416	24326.267578	
55.251991	14.179461	-4176.999023	24322.505859	
150.759766	66.708176	-11757.369141	21718.082031	
224.055527	147.384888	-18091.814453	16787.572266	
267.207703	247.479294	-22490.099609	10058.489258	
275.546631	356.159851	-24469.806641	2254.843262	
248.169952	461.665863	-23809.240234	-5780.747070	
188.040176	552.580139	-20572.222656	-13178.041992	
101.664154	619.064575	-15102.018555	-19133.427734	
-1.611078	653.924683	-7984.947754	-22997.210938	
-110.609756	653.388123	12.451118	-24344.498047	
-213.536774	617.512939	8025.979980	-23021.904297	
-299.254028	550.181274	15187.166016	-19164.970703	
-358.485809	458.679382	20717.380859	-13184.325195	
-384.822418	352.908966	24012.503906	-5721.970215	
-375.413879	244.315781	24708.904297	2417.627930	
-331.278320	144.651077	22723.552734	10354.261719	
-257.191803	64.699905	18263.847656	17227.166016	
-161.171494	13.114056	11805.964844	22288.373047	
-53.608059	-4.524196	4044.028076	24984.109375	
53.858692	13.693845	-4184.491699	25015.380859	
149.599426	65.796745	-11989.137695	22371.113281	
223.253708	146.146271	-18522.828125	17330.185547	
266.851166	246.047531	-23073.794922	10432.035156	
275.673981	354.689880	-25143.115234	2418.941406	
248.767395	460.316742	-24499.404297	-5843.845703	
189.043060	551.497925	-21204.658203	-13461.536133	
102.963951	618.366333	-15608.375000	-19606.695312	
-0.155025	653.685974	-8310.493164	-23609.123047	
-109.155014	653.634766	-97.089241	-25028.933594	
-212.240753	618.218262	8144.298828	-23704.902344	
-298.256989	551.268982	15520.574219	-19772.720703	
-357.895630	460.031738	21229.865234	-13651.143555	
-384.702972	354.379639	24648.691406	-5997.396484	
-375.778076	245.745636	25400.052734	2363.373047	
-332.086761	145.885391	23394.976562	10527.057617	
-258.357025	65.605110	18842.982422	17608.355469	
-162.567383	13.592195	12230.216797	22836.777344	
-55.083561	-4.524861	4267.538086	25640.476562	
52.463253	13.214450	-4185.893066	25708.785156	
148.435059	64.890495	-12215.316406	23026.621094	
222.446411	144.911240	-18949.359375	17876.953125	
266.488312	244.617371	-23654.595703	10810.966797	
275.794830	353.219360	-25815.433594	2589.072998	
249.358856	458.964996	-25190.589844	-5900.916016	
190.041138	550.411194	-21840.015625	-13739.658203	
104.260643	617.662292	-16119.235352	-20075.830078	
1.299967	653.440796	-8641.641602	-24218.583984	
-107.699165	653.874939	-212.723816	-25712.869141	
-210.941589	618.917847	8256.691406	-24389.404297	
-297.255096	552.352234	15848.864258	-20383.816406	
-357.299408	461.381470	21738.591797	-14122.786133	
-384.576935	355.849792	25282.890625	-6278.605469	
-376.135895	247.177124	26091.195312	2303.002930	
-332.889709	147.123306	24068.375000	10694.067383	
-259.518188	66.515503	19425.865234	17984.714844	
-163.961105	14.076552	12659.582031	23381.828125	
-56.559021	-4.518949	4496.973145	26295.328125	
51.065720	12.741282	-4181.198730	26402.675781	
147.266678	63.989456	-12435.887695	23684.568359	
221.633621	143.679840	-19371.375000	18427.847656	
266.119049	243.188858	-24232.466797	11195.265625	
275.909058	351.748322	-26486.720703	2765.232666	
249.944229	457.610626	-25882.753906	-5951.949707	
191.034317	549.320068	-22478.255859	-14012.387695	
105.554138	616.952454	-16634.574219	-20540.798828	
2.753805	653.189087	-8978.376953	-24825.556641	
-106.242317	654.108643	-334.450378	-26396.263672	
-209.639389	619.611633	8363.144531	-25075.371094	
-296.248474	553.431091	16172.012695	-20998.224609	
-356.697296	462.728607	22243.527344	-14599.229492	
-384.444489	357.319427	25915.060547	-6565.583984	
-376.487427	248.610245	26782.291016	2236.517090	
-333.687195	148.364853	24743.716797	10855.277344	
-260.675323	67.431122	20012.462891	18356.214844	
-165.352692	14.567176	13094.038086	23923.490234	
-58.034481	-4.506402	4732.323242	26948.625000	
49.666050	12.274405	-4170.404297	27097.017578	
146.094269	63.093689	-12650.833984	24344.917969	
220.815338	142.452118	-19788.849609	18982.839844	
265.743439	241.762054	-24807.371094	11584.914062	
276.016785	350.276825	-27156.935547	2947.414551	
250.523621	456.253693	-26575.857422	-5996.938965	
192.022675	548.224548	-23119.345703	-14279.704102	
106.844513	616.236877	-17154.365234	-21001.570312	
4.206560	652.930908	-9320.683594	-25430.005859	
-104.784386	654.335815	-462.266174	-27079.076172	
-208.334045	620.299561	8463.650391	-25762.763672	
-295.236969	554.505310	16489.996094	-21615.910156	
-356.089081	464.072906	22744.642578	-15080.448242	
-384.305389	358.788330	26545.166016	-6858.320801	
-376.830841	250.044907	27473.275391	2164.339600	
-334.474365	149.611206	25420.634766	11011.460938	
-261.819916	68.356483	20601.904297	18723.796875	
-166.730377	15.074395	13532.086914	24462.578125	
-59.496674	-4.468699	4971.488281	27600.738281	
48.276024	11.842219	-4156.039062	27791.417969	
144.924194	62.241928	-12862.800781	25006.292969	
219.988266	141.276001	-20204.136719	19539.464844	
265.344543	240.391129	-25380.914062	11976.430664	
276.084442	348.860718	-27826.513672	3131.381836	
251.045639	454.945862	-27268.839844	-6040.448730	
192.937927	547.165649	-23760.572266	-14545.944336	
108.049904	615.539795	-17674.296875	-21461.638672	
5.568433	652.668579	-9662.943359	-26033.978516	
-103.415604	654.533813	-589.755188	-27761.427734	
-207.107605	620.933655	8564.732422	-26449.474609	
-294.285675	555.504395	16808.654297	-22232.496094	
-355.515106	465.327026	23246.289062	-15560.041016	
-384.169464	360.160828	27175.363281	-7148.916504	
-377.147675	251.387238	28163.677734	2093.812988	
-335.209686	150.778076	26096.621094	11168.642578	
-262.894135	69.221596	21190.408203	19091.712891	
-168.027237	15.544104	13969.490234	25001.478516	
-60.875820	-4.445243	5210.501953	28252.384766	
46.963844	11.416867	-4141.265137	28485.382812	
143.820999	61.413784	-13073.878906	25667.568359	
219.213440	140.134674	-20618.269531	20096.572266	
264.981964	239.060120	-25953.351562	12369.147461	
276.173340	347.484070	-28495.392578	3317.245361	
251.576401	453.672546	-27961.871094	-6081.542969	
193.853104	546.133484	-24402.847656	-14809.571289	
109.250465	614.860413	-18196.388672	-21919.318359	
6.924453	652.415527	-10008.411133	-26636.255859	
-102.050880	654.734497	-721.244934	-28443.214844	
-205.881866	621.566345	8661.449219	-27137.082031	
-293.331573	556.500610	17123.142578	-22851.601562	
-354.935913	466.578949	23744.568359	-16043.721680	
-384.027863	361.532959	27803.591797	-7444.880859	
-377.458984	252.731079	28853.958984	2017.569336	
-335.940186	151.948196	26774.347656	11320.376953	
-263.964783	70.091362	21782.324219	19455.041016	
-169.322174	16.019396	14411.610352	25537.144531	
-62.254902	-4.415858	5455.025879	28902.501953	
45.649864	10.997170	-4120.782227	29179.689453	
142.714325	60.590431	-13279.667969	26331.019531	
218.433838	138.996780	-21028.103516	20657.455078	
264.613800	237.730820	-26522.947266	12766.826172	
276.256439	346.107239	-29163.195312	3508.725586	
252.101776	452.397186	-28655.705078	-6116.974609	
194.763901	545.097595	-25047.718750	-15068.101562	
110.448112	614.176147	-18722.589844	-22373.021484	
8.279331	652.156921	-10359.056641	-27236.103516	
-100.685402	654.929504	-858.420410	-29124.382812	
-204.653564	622.193848	8752.586914	-27825.949219	
-292.373383	557.492737	17432.759766	-23473.708984	
-354.351532	467.828308	24239.214844	-16531.820312	
-383.880524	362.904358	28429.816406	-7746.202148	
-377.764648	254.076065	29544.082031	1935.608032	
-336.665771	153.121201	27453.781250	11466.651367	
-265.031769	70.965439	22377.625000	19813.759766	
-170.615097	16.499937	14858.427734	26069.546875	
-63.633827	-4.380869	5705.052246	29551.054688	
44.334171	10.582809	-4094.587402	29874.300781	
141.604248	59.771553	-13480.153320	26996.611328	
217.649521	137.862000	-21433.615234	21222.082031	
264.240112	236.402939	-27089.669922	13169.452148	
276.333832	344.729950	-29829.884766	3705.816406	
252.621872	451.119537	-29350.304688	-6146.737793	
195.670410	544.057861	-25695.154297	-15321.519531	
111.642929	613.486816	-19252.875000	-22822.718750	
9.633150	651.892639	-10714.865234	-27833.488281	
-99.319092	655.118835	-1001.278564	-29804.894531	
-203.422638	622.816345	8838.136719	-28516.037109	
-291.411041	558.480957	17737.488281	-24098.783203	
-353.761932	469.075317	24730.201172	-17024.312500	
-383.727478	364.275208	29054.001953	-8052.869141	
-378.064728	255.422409	30234.013672	1847.929443	
-337.386505	154.297333	28134.884766	11607.455078	
-266.095154	71.844063	22976.283203	20167.843750	
-171.906036	16.985970	15309.922852	26598.656250	
-65.012619	-4.340027	5960.571289	30198.011719	
43.016739	10.174043	-4062.678223	30569.181641	
140.490753	58.957417	-13675.320312	27664.314453	
216.860458	136.730606	-21834.781250	21790.431641	
263.860870	235.076736	-27653.488281	13577.006836	
276.405457	343.352478	-30495.425781	3908.512207	
253.136612	449.839844	-30045.638672	-6170.826660	
196.572556	543.014465	-26345.123047	-15569.806641	
112.834839	612.792664	-19787.220703	-23268.384766	
10.985830	651.622803	-11075.821289	-28428.376953	
-97.952042	655.302551	-1149.816406	-30484.714844	
-202.189163	623.433716	8918.089844	-29207.316406	
-290.444641	559.465210	18037.306641	-24726.800781	
-353.167206	470.319916	25217.496094	-17521.179688	
-383.568787	365.645447	29676.119141	-8364.870117	
-378.359253	256.770020	30923.714844	1754.533569	
-338.102356	155.476471	28817.626953	11742.777344	
-267.154877	72.727127	23578.267578	20517.273438	
-173.194962	17.477392	15766.075195	27124.441406	
-66.391258	-4.293425	6221.574707	30843.333984	
41.697586	9.770784	-4025.051758	31264.298828	
139.373840	58.147945	-13865.155273	28334.093750	
216.066666	135.602524	-22231.576172	22362.474609	
263.476105	233.752136	-28214.371094	13989.473633	
276.471344	341.974701	-31159.783203	4116.806641	
253.646027	448.558014	-30741.667969	-6189.235840	
197.470352	541.967285	-26997.593750	-15812.947266	
114.023857	612.093445	-20325.601562	-23709.994141	
12.337384	651.347229	-11441.911133	-29020.736328	
-96.584221	655.480469	-1304.030640	-31163.808594	
-200.953110	624.045837	8992.437500	-29899.748047	
-289.474121	560.445312	18332.199219	-25357.726562	
-352.567261	471.561920	25701.076172	-18022.396484	
-383.404358	367.014923	30296.128906	-8682.192383	
-378.648102	258.118744	31613.150391	1655.420898	
-338.813263	156.658478	29501.972656	11872.604492	
-268.210876	73.614487	24183.552734	20862.027344	
-174.481781	17.974068	16226.866211	27646.873047	
-67.769638	-4.241193	6488.052734	31486.990234	
40.376820	9.372911	-3981.705322	31959.615234	
138.253616	57.343018	-14049.644531	29005.916016	
215.268219	134.477646	-22623.978516	22938.185547	
263.085846	232.429031	-28772.287109	14406.834961	
276.531525	340.596558	-31822.921875	4330.692871	
254.150116	447.273987	-31438.357422	-6201.959473	
198.363800	540.916321	-27652.533203	-16050.924805	
115.209969	611.389282	-20867.996094	-24147.519531	
13.687794	651.066101	-11813.121094	-29610.535156	
-95.215660	655.652771	-1463.917480	-31842.140625	
-199.714508	624.652893	9061.172852	-30593.298828	
-288.499542	561.421448	18622.144531	-25991.531250	
-351.962158	472.801483	26180.910156	-18527.943359	
-383.234222	368.383759	30914.001953	-9004.824219	
-378.931366	259.468719	32302.287109	1550.592163	
-339.519257	157.843491	30187.890625	11996.927734	
-269.263214	74.506302	24792.107422	21202.083984	
-175.766571	18.476164	16692.275391	28165.923828	
-69.147835	-4.183156	6759.996582	32128.943359	
39.054363	8.980609	-3932.637207	32655.093750	
137.130020	56.542831	-14228.774414	29679.750000	
214.465073	133.356171	-23011.962891	23517.535156	
262.690063	231.107635	-29327.207031	14829.073242	
276.585938	339.218262	-32484.806641	4550.165039	
254.648819	445.987946	-32135.675781	-6208.993164	
199.252838	539.861694	-28309.912109	-16283.722656	
116.393112	610.680237	-21414.375000	-24580.937500	
15.036994	650.779358	-12189.433594	-30197.742188	
-93.846420	655.819336	-1629.473511	-32519.675781	
-198.473419	625.254761	9124.286133	-31287.935547	
-287.520905	562.393433	18907.125000	-26628.187500	
-351.351898	474.038452	26656.972656	-19037.796875	
-383.058380	369.751831	31529.703125	-9332.753906	
-379.208984	260.819824	32991.089844	1440.048096	
-340.220276	159.031403	30875.343750	12115.736328	
-270.311768	75.402451	25403.906250	21537.421875	
-177.049179	18.983564	17162.281250	28681.562500	
-70.525696	-4.119421	7037.396484	32769.160156	
37.730366	8.593776	-3877.844971	33350.699219	
136.003174	55.747292	-14402.531250	30355.560547	
213.657333	132.238022	-23395.505859	24100.500000	
262.288849	229.787888	-29879.095703	15256.170898	
276.634674	337.839722	-33145.402344	4775.215820	
255.142242	444.699799	-32833.582031	-6210.331543	
200.137543	538.803345	-28969.695312	-16511.326172	
117.573357	609.966248	-21964.716797	-25010.220703	
16.385054	650.486938	-12570.834961	-30782.322266	
-92.476440	655.980164	-1800.694580	-33196.378906	
-197.229767	625.851440	9181.770508	-31983.623047	
-286.538177	563.361389	19187.121094	-27267.662109	
-350.736450	475.272888	27129.232422	-19551.933594	
-382.876801	371.119171	32143.199219	-9665.967773	
-379.480927	262.172089	33679.515625	1323.789795	
-340.916321	160.222244	31564.298828	12229.018555	
-271.356567	76.302986	26018.917969	21868.019531	
-178.329666	19.496330	17636.865234	29193.759766	
-71.903290	-4.049921	7320.242676	33407.609375	
36.404758	8.212487	-3817.326660	34046.398438	
134.873032	54.956474	-14570.901367	31033.316406	
212.844955	131.123260	-23774.583984	24687.052734	
261.882172	228.469818	-30427.927734	15688.108398	
276.677704	336.460999	-33804.675781	5005.838867	
255.630325	443.409607	-33532.046875	-6205.970215	
201.017853	537.741333	-29631.855469	-16733.716797	
118.750641	609.247314	-22518.994141	-25435.345703	
17.731905	650.188904	-12957.309570	-31364.244141	
-91.105774	656.135315	-1977.576660	-33872.214844	
-195.983627	626.442932	9233.618164	-32680.324219	
-285.551422	564.325256	19462.115234	-27909.925781	
-350.115845	476.504791	27597.667969	-20070.330078	
-382.689514	372.485779	32754.457031	-10004.453125	
-379.747223	263.525482	34367.539062	1201.818481	
-341.607391	161.415970	32254.722656	12336.764648	
-272.397614	77.207855	26637.115234	22193.857422	
-179.608017	20.014412	18116.005859	29702.486328	
-73.280586	-3.974696	7608.524902	34044.253906	
35.077572	7.836710	-3751.080811	34742.156250	
133.739578	54.170364	-14733.872070	31712.984375	
212.027924	130.011887	-24149.175781	25277.164062	
261.469971	227.153458	-30973.667969	16124.870117	
276.714935	335.082092	-34462.589844	5242.026367	
256.112976	442.117401	-34231.031250	-6195.904297	
201.893692	536.675659	-30296.357422	-16950.878906	
119.924873	608.523499	-23077.183594	-25856.285156	
19.077456	649.885315	-13348.841797	-31943.478516	
-89.734528	656.284729	-2160.115479	-34547.144531	
-194.735077	627.029236	9279.822266	-33378.007812	
-284.560699	565.284973	19732.087891	-28554.947266	
-349.490173	477.734039	28062.248047	-20592.966797	
-382.496613	373.851532	33363.445312	-10348.198242	
-380.007965	264.879944	35055.117188	1074.135376	
-342.293549	162.612534	32946.582031	12438.964844	
-273.434937	78.117020	27258.466797	22514.912109	
-180.884247	20.537783	18599.683594	30207.714844	
-74.657608	-3.893767	7902.232910	34679.058594	
33.748783	7.466434	-3679.106201	35437.933594	
132.602829	53.388947	-14891.430664	32394.531250	
211.206223	128.903885	-24519.257812	25870.808594	
261.052246	225.838776	-31516.287109	16566.435547	
276.746399	333.703003	-35119.113281	5483.770996	
256.590210	440.823151	-34930.500000	-6180.129395	
202.765045	535.606323	-30963.167969	-17162.800781	
121.096046	607.794800	-23639.259766	-26273.015625	
20.421696	649.576050	-13745.416016	-32519.990234	
-88.362701	656.428406	-2348.306641	-35221.136719	
-193.484146	627.610291	9320.375000	-34076.632812	
-283.566040	566.240479	19997.021484	-29202.697266	
